camera_matrix:
  - [800.0, 0.0, 640.0]
  - [0.0, 800.0, 360.0]
  - [0.0, 0.0, 1.0]
dist_coeffs:
  - [0.0, 0.0, 0.0, 0.0, 0.0]
